-1 2 -1 -1 -1 -1 -1 -1 -1 -1 -1 -1 -1 -1 -1 -1 -1 -1 -1 -1 
2 -1 8 4 -1 -1 -1 -1 -1 -1 -1 -1 -1 -1 -1 -1 -1 -1 -1 -1 
-1 8 -1 -1 -1 4 9 -1 -1 -1 -1 -1 -1 -1 -1 -1 -1 -1 -1 -1 
-1 4 -1 -1 13 -1 -1 -1 -1 -1 -1 -1 -1 -1 -1 -1 22 -1 -1 -1 
-1 -1 -1 13 -1 -1 -1 4 6 -1 -1 -1 -1 -1 -1 -1 -1 -1 -1 -1 
-1 -1 4 -1 -1 -1 -1 8 -1 -1 -1 -1 -1 -1 -1 -1 -1 -1 -1 -1 
-1 -1 9 -1 -1 -1 -1 -1 -1 4 -1 -1 -1 -1 -1 20 -1 -1 -1 -1 
-1 -1 -1 -1 4 8 -1 -1 -1 -1 -1 -1 -1 -1 -1 -1 -1 -1 -1 -1 
-1 -1 -1 -1 6 -1 -1 -1 -1 -1 4 5 -1 -1 -1 -1 -1 -1 -1 -1 
-1 -1 -1 -1 -1 -1 4 -1 -1 -1 -1 -1 10 4 -1 -1 -1 -1 -1 -1 
-1 -1 -1 -1 -1 -1 -1 -1 4 -1 -1 -1 -1 11 2 -1 -1 -1 -1 -1 
-1 -1 -1 -1 -1 -1 -1 -1 5 -1 -1 -1 -1 -1 4 4 -1 -1 -1 -1 
-1 -1 -1 -1 -1 -1 -1 -1 -1 10 -1 -1 -1 -1 6 2 -1 -1 -1 -1 
-1 -1 -1 -1 -1 -1 -1 -1 -1 4 11 -1 -1 -1 -1 -1 -1 10 -1 -1 
-1 -1 -1 -1 -1 -1 -1 -1 -1 -1 2 4 6 -1 -1 -1 -1 -1 -1 -1 
-1 -1 -1 -1 -1 -1 20 -1 -1 -1 -1 4 2 -1 -1 -1 -1 -1 -1 -1 
-1 -1 -1 22 -1 -1 -1 -1 -1 -1 -1 -1 -1 -1 -1 -1 -1 -1 16 -1 
-1 -1 -1 -1 -1 -1 -1 -1 -1 -1 -1 -1 -1 10 -1 -1 -1 -1 20 2 
-1 -1 -1 -1 -1 -1 -1 -1 -1 -1 -1 -1 -1 -1 -1 -1 16 20 -1 -1 
-1 -1 -1 -1 -1 -1 -1 -1 -1 -1 -1 -1 -1 -1 -1 -1 -1 2 -1 -1 
