There are 178 paths.

The shortest path has 49 steps. They are: 
|22|22111122|332240011|0000|3333|223332|23|33|22|
|22|22111122|332240011|0000|3333|223332|32|33|22|

Solution 0 has 134 steps.
|22|22111122|332240011|0000|1111110000|000011|00|3300|001111|2211400003300|3333221122333333332222|22332233433|22223322112222221111|22|

Solution 1 has 139 steps.
|22|22111122|332240011|0000|1111110000|000011|00|3300|001111|2211400003300|3333221122333333332222|1122222233221122|22223322112222221111|22|

Solution 2 has 77 steps.
|22|22111122|332240011|0000|1111110000|000011|00|11221142211|223332|23|33|22|

Solution 3 has 77 steps.
|22|22111122|332240011|0000|1111110000|000011|00|11221142211|223332|32|33|22|

Solution 4 has 137 steps.
|22|22111122|332240011|0000|1111110000|000011|2211|11411|001111|2211400003300|3333221122333333332222|22332233433|22223322112222221111|22|

Solution 5 has 142 steps.
|22|22111122|332240011|0000|1111110000|000011|2211|11411|001111|2211400003300|3333221122333333332222|1122222233221122|22223322112222221111|22|

Solution 6 has 90 steps.
|22|22111122|332240011|0000|1111110000|000011|2211|11411|2211|11221142211|223332|23|33|22|

Solution 7 has 90 steps.
|22|22111122|332240011|0000|1111110000|000011|2211|11411|2211|11221142211|223332|32|33|22|

Solution 8 has 133 steps.
|22|22111122|332240011|0000|1111110000|11|1100|11411|001111|2211400003300|3333221122333333332222|22332233433|22223322112222221111|22|

Solution 9 has 138 steps.
|22|22111122|332240011|0000|1111110000|11|1100|11411|001111|2211400003300|3333221122333333332222|1122222233221122|22223322112222221111|22|

Solution 10 has 86 steps.
|22|22111122|332240011|0000|1111110000|11|1100|11411|2211|11221142211|223332|23|33|22|

Solution 11 has 86 steps.
|22|22111122|332240011|0000|1111110000|11|1100|11411|2211|11221142211|223332|32|33|22|

Solution 12 has 140 steps.
|22|22111122|332240011|0000|1111110000|11|1100|3300|00|3300|001111|2211400003300|3333221122333333332222|22332233433|22223322112222221111|22|

Solution 13 has 145 steps.
|22|22111122|332240011|0000|1111110000|11|1100|3300|00|3300|001111|2211400003300|3333221122333333332222|1122222233221122|22223322112222221111|22|

Solution 14 has 83 steps.
|22|22111122|332240011|0000|1111110000|11|1100|3300|00|11221142211|223332|23|33|22|

Solution 15 has 83 steps.
|22|22111122|332240011|0000|1111110000|11|1100|3300|00|11221142211|223332|32|33|22|

Solution 16 has 130 steps.
|22|22111122|332240011|0000|3333|33004330033|3300|001111|2211400003300|3333221122333333332222|22332233433|22223322112222221111|22|

Solution 17 has 135 steps.
|22|22111122|332240011|0000|3333|33004330033|3300|001111|2211400003300|3333221122333333332222|1122222233221122|22223322112222221111|22|

Solution 18 has 139 steps.
|22|22111122|332240011|0000|3333|33004330033|22|2211|11411|001111|2211400003300|3333221122333333332222|22332233433|22223322112222221111|22|

Solution 19 has 144 steps.
|22|22111122|332240011|0000|3333|33004330033|22|2211|11411|001111|2211400003300|3333221122333333332222|1122222233221122|22223322112222221111|22|

Solution 20 has 149 steps.
|22|22111122|332240011|0000|3333|33004330033|22|332222|11|1100|11411|001111|2211400003300|3333221122333333332222|22332233433|22223322112222221111|22|

Solution 21 has 154 steps.
|22|22111122|332240011|0000|3333|33004330033|22|332222|11|1100|11411|001111|2211400003300|3333221122333333332222|1122222233221122|22223322112222221111|22|

Solution 22 has 49 steps.
|22|22111122|332240011|0000|3333|223332|23|33|22|

Solution 23 has 49 steps.
|22|22111122|332240011|0000|3333|223332|32|33|22|

Solution 24 has 135 steps.
|22|22111122|332240011|11110011111100003300|1100|11411|001111|2211400003300|3333221122333333332222|22332233433|22223322112222221111|22|

Solution 25 has 140 steps.
|22|22111122|332240011|11110011111100003300|1100|11411|001111|2211400003300|3333221122333333332222|1122222233221122|22223322112222221111|22|

Solution 26 has 88 steps.
|22|22111122|332240011|11110011111100003300|1100|11411|2211|11221142211|223332|23|33|22|

Solution 27 has 88 steps.
|22|22111122|332240011|11110011111100003300|1100|11411|2211|11221142211|223332|32|33|22|

Solution 28 has 102 steps.
|22|22111122|332240011|11110011111100003300|1100|11411|2211|22|332222|2222333333|3333|223332|23|33|22|

Solution 29 has 102 steps.
|22|22111122|332240011|11110011111100003300|1100|11411|2211|22|332222|2222333333|3333|223332|32|33|22|

Solution 30 has 142 steps.
|22|22111122|332240011|11110011111100003300|1100|3300|00|3300|001111|2211400003300|3333221122333333332222|22332233433|22223322112222221111|22|

Solution 31 has 147 steps.
|22|22111122|332240011|11110011111100003300|1100|3300|00|3300|001111|2211400003300|3333221122333333332222|1122222233221122|22223322112222221111|22|

Solution 32 has 85 steps.
|22|22111122|332240011|11110011111100003300|1100|3300|00|11221142211|223332|23|33|22|

Solution 33 has 85 steps.
|22|22111122|332240011|11110011111100003300|1100|3300|00|11221142211|223332|32|33|22|

Solution 34 has 174 steps.
|22|22111122|332240011|11110011111100003300|1100|3300|332222|2222333333|3333|33004330033|3300|001111|2211400003300|3333221122333333332222|22332233433|22223322112222221111|22|

Solution 35 has 179 steps.
|22|22111122|332240011|11110011111100003300|1100|3300|332222|2222333333|3333|33004330033|3300|001111|2211400003300|3333221122333333332222|1122222233221122|22223322112222221111|22|

Solution 36 has 93 steps.
|22|22111122|332240011|11110011111100003300|1100|3300|332222|2222333333|3333|223332|23|33|22|

Solution 37 has 93 steps.
|22|22111122|332240011|11110011111100003300|1100|3300|332222|2222333333|3333|223332|32|33|22|

Solution 38 has 160 steps.
|22|22111122|332240011|11110011111100003300|33|2222333333|3333|33004330033|3300|001111|2211400003300|3333221122333333332222|22332233433|22223322112222221111|22|

Solution 39 has 165 steps.
|22|22111122|332240011|11110011111100003300|33|2222333333|3333|33004330033|3300|001111|2211400003300|3333221122333333332222|1122222233221122|22223322112222221111|22|

Solution 40 has 169 steps.
|22|22111122|332240011|11110011111100003300|33|2222333333|3333|33004330033|22|2211|11411|001111|2211400003300|3333221122333333332222|22332233433|22223322112222221111|22|

Solution 41 has 174 steps.
|22|22111122|332240011|11110011111100003300|33|2222333333|3333|33004330033|22|2211|11411|001111|2211400003300|3333221122333333332222|1122222233221122|22223322112222221111|22|

Solution 42 has 79 steps.
|22|22111122|332240011|11110011111100003300|33|2222333333|3333|223332|23|33|22|

Solution 43 has 79 steps.
|22|22111122|332240011|11110011111100003300|33|2222333333|3333|223332|32|33|22|

Solution 44 has 142 steps.
|22|22111122|332240011|11110011111100003300|33|000011|00|3300|001111|2211400003300|3333221122333333332222|22332233433|22223322112222221111|22|

Solution 45 has 147 steps.
|22|22111122|332240011|11110011111100003300|33|000011|00|3300|001111|2211400003300|3333221122333333332222|1122222233221122|22223322112222221111|22|

Solution 46 has 85 steps.
|22|22111122|332240011|11110011111100003300|33|000011|00|11221142211|223332|23|33|22|

Solution 47 has 85 steps.
|22|22111122|332240011|11110011111100003300|33|000011|00|11221142211|223332|32|33|22|

Solution 48 has 145 steps.
|22|22111122|332240011|11110011111100003300|33|000011|2211|11411|001111|2211400003300|3333221122333333332222|22332233433|22223322112222221111|22|

Solution 49 has 150 steps.
|22|22111122|332240011|11110011111100003300|33|000011|2211|11411|001111|2211400003300|3333221122333333332222|1122222233221122|22223322112222221111|22|

Solution 50 has 98 steps.
|22|22111122|332240011|11110011111100003300|33|000011|2211|11411|2211|11221142211|223332|23|33|22|

Solution 51 has 98 steps.
|22|22111122|332240011|11110011111100003300|33|000011|2211|11411|2211|11221142211|223332|32|33|22|

Solution 52 has 105 steps.
|22|22111122|1111|22221111|2222|2211400003300|3333221122333333332222|22332233433|22223322112222221111|22|

Solution 53 has 110 steps.
|22|22111122|1111|22221111|2222|2211400003300|3333221122333333332222|1122222233221122|22223322112222221111|22|

Solution 54 has 72 steps.
|22|22111122|1111|22221111|2222|333322|2211|11221142211|223332|23|33|22|

Solution 55 has 72 steps.
|22|22111122|1111|22221111|2222|333322|2211|11221142211|223332|32|33|22|

Solution 56 has 92 steps.
|22|22111122|1111|22221111|2222|333322|2211|22|2211|2233|33|2222333333|3333|223332|23|33|22|

Solution 57 has 92 steps.
|22|22111122|1111|22221111|2222|333322|2211|22|2211|2233|33|2222333333|3333|223332|32|33|22|

Solution 58 has 104 steps.
|22|22111122|1111|22221111|2222|333322|2211|22|2211|2233|22112222333333223333|0000|3333|223332|23|33|22|

Solution 59 has 104 steps.
|22|22111122|1111|22221111|2222|333322|2211|22|2211|2233|22112222333333223333|0000|3333|223332|32|33|22|

Solution 60 has 86 steps.
|22|22111122|1111|22221111|2222|333322|2211|22|332222|2222333333|3333|223332|23|33|22|

Solution 61 has 86 steps.
|22|22111122|1111|22221111|2222|333322|2211|22|332222|2222333333|3333|223332|32|33|22|

Solution 62 has 104 steps.
|22|22111122|1111|22221111|2222|333322|2211|22|332222|11|22112222333333223333|0000|3333|223332|23|33|22|

Solution 63 has 104 steps.
|22|22111122|1111|22221111|2222|333322|2211|22|332222|11|22112222333333223333|0000|3333|223332|32|33|22|

Solution 64 has 85 steps.
|22|22111122|1111|22221111|2222|333322|33433|2233|33|2222333333|3333|223332|23|33|22|

Solution 65 has 85 steps.
|22|22111122|1111|22221111|2222|333322|33433|2233|33|2222333333|3333|223332|32|33|22|

Solution 66 has 91 steps.
|22|22111122|1111|22221111|2222|333322|33433|2233|33|000011|00|11221142211|223332|23|33|22|

Solution 67 has 91 steps.
|22|22111122|1111|22221111|2222|333322|33433|2233|33|000011|00|11221142211|223332|32|33|22|

Solution 68 has 125 steps.
|22|22111122|1111|22221111|2222|333322|33433|2233|22112222333333223333|0000|1111110000|000011|00|11221142211|223332|23|33|22|

Solution 69 has 125 steps.
|22|22111122|1111|22221111|2222|333322|33433|2233|22112222333333223333|0000|1111110000|000011|00|11221142211|223332|32|33|22|

Solution 70 has 97 steps.
|22|22111122|1111|22221111|2222|333322|33433|2233|22112222333333223333|0000|3333|223332|23|33|22|

Solution 71 has 97 steps.
|22|22111122|1111|22221111|2222|333322|33433|2233|22112222333333223333|0000|3333|223332|32|33|22|

Solution 72 has 81 steps.
|22|22111122|1111|22221111|2222|333322|33433|3300|00|11221142211|223332|23|33|22|

Solution 73 has 81 steps.
|22|22111122|1111|22221111|2222|333322|33433|3300|00|11221142211|223332|32|33|22|

Solution 74 has 89 steps.
|22|22111122|1111|22221111|2222|333322|33433|3300|332222|2222333333|3333|223332|23|33|22|

Solution 75 has 89 steps.
|22|22111122|1111|22221111|2222|333322|33433|3300|332222|2222333333|3333|223332|32|33|22|

Solution 76 has 107 steps.
|22|22111122|1111|22221111|2222|333322|33433|3300|332222|11|22112222333333223333|0000|3333|223332|23|33|22|

Solution 77 has 107 steps.
|22|22111122|1111|22221111|2222|333322|33433|3300|332222|11|22112222333333223333|0000|3333|223332|32|33|22|

Solution 78 has 105 steps.
|22|22111122|1111|11112222|2222|2211400003300|3333221122333333332222|22332233433|22223322112222221111|22|

Solution 79 has 110 steps.
|22|22111122|1111|11112222|2222|2211400003300|3333221122333333332222|1122222233221122|22223322112222221111|22|

Solution 80 has 72 steps.
|22|22111122|1111|11112222|2222|333322|2211|11221142211|223332|23|33|22|

Solution 81 has 72 steps.
|22|22111122|1111|11112222|2222|333322|2211|11221142211|223332|32|33|22|

Solution 82 has 92 steps.
|22|22111122|1111|11112222|2222|333322|2211|22|2211|2233|33|2222333333|3333|223332|23|33|22|

Solution 83 has 92 steps.
|22|22111122|1111|11112222|2222|333322|2211|22|2211|2233|33|2222333333|3333|223332|32|33|22|

Solution 84 has 104 steps.
|22|22111122|1111|11112222|2222|333322|2211|22|2211|2233|22112222333333223333|0000|3333|223332|23|33|22|

Solution 85 has 104 steps.
|22|22111122|1111|11112222|2222|333322|2211|22|2211|2233|22112222333333223333|0000|3333|223332|32|33|22|

Solution 86 has 86 steps.
|22|22111122|1111|11112222|2222|333322|2211|22|332222|2222333333|3333|223332|23|33|22|

Solution 87 has 86 steps.
|22|22111122|1111|11112222|2222|333322|2211|22|332222|2222333333|3333|223332|32|33|22|

Solution 88 has 104 steps.
|22|22111122|1111|11112222|2222|333322|2211|22|332222|11|22112222333333223333|0000|3333|223332|23|33|22|

Solution 89 has 104 steps.
|22|22111122|1111|11112222|2222|333322|2211|22|332222|11|22112222333333223333|0000|3333|223332|32|33|22|

Solution 90 has 85 steps.
|22|22111122|1111|11112222|2222|333322|33433|2233|33|2222333333|3333|223332|23|33|22|

Solution 91 has 85 steps.
|22|22111122|1111|11112222|2222|333322|33433|2233|33|2222333333|3333|223332|32|33|22|

Solution 92 has 91 steps.
|22|22111122|1111|11112222|2222|333322|33433|2233|33|000011|00|11221142211|223332|23|33|22|

Solution 93 has 91 steps.
|22|22111122|1111|11112222|2222|333322|33433|2233|33|000011|00|11221142211|223332|32|33|22|

Solution 94 has 125 steps.
|22|22111122|1111|11112222|2222|333322|33433|2233|22112222333333223333|0000|1111110000|000011|00|11221142211|223332|23|33|22|

Solution 95 has 125 steps.
|22|22111122|1111|11112222|2222|333322|33433|2233|22112222333333223333|0000|1111110000|000011|00|11221142211|223332|32|33|22|

Solution 96 has 97 steps.
|22|22111122|1111|11112222|2222|333322|33433|2233|22112222333333223333|0000|3333|223332|23|33|22|

Solution 97 has 97 steps.
|22|22111122|1111|11112222|2222|333322|33433|2233|22112222333333223333|0000|3333|223332|32|33|22|

Solution 98 has 81 steps.
|22|22111122|1111|11112222|2222|333322|33433|3300|00|11221142211|223332|23|33|22|

Solution 99 has 81 steps.
|22|22111122|1111|11112222|2222|333322|33433|3300|00|11221142211|223332|32|33|22|

Solution 100 has 89 steps.
|22|22111122|1111|11112222|2222|333322|33433|3300|332222|2222333333|3333|223332|23|33|22|

Solution 101 has 89 steps.
|22|22111122|1111|11112222|2222|333322|33433|3300|332222|2222333333|3333|223332|32|33|22|

Solution 102 has 107 steps.
|22|22111122|1111|11112222|2222|333322|33433|3300|332222|11|22112222333333223333|0000|3333|223332|23|33|22|

Solution 103 has 107 steps.
|22|22111122|1111|11112222|2222|333322|33433|3300|332222|11|22112222333333223333|0000|3333|223332|32|33|22|

Solution 104 has 106 steps.
|22|3333|2211222243300|0000|33330000|3333|332240011|0000|1111110000|000011|00|11221142211|223332|23|33|22|

Solution 105 has 106 steps.
|22|3333|2211222243300|0000|33330000|3333|332240011|0000|1111110000|000011|00|11221142211|223332|32|33|22|

Solution 106 has 119 steps.
|22|3333|2211222243300|0000|33330000|3333|332240011|0000|1111110000|000011|2211|11411|2211|11221142211|223332|23|33|22|

Solution 107 has 119 steps.
|22|3333|2211222243300|0000|33330000|3333|332240011|0000|1111110000|000011|2211|11411|2211|11221142211|223332|32|33|22|

Solution 108 has 115 steps.
|22|3333|2211222243300|0000|33330000|3333|332240011|0000|1111110000|11|1100|11411|2211|11221142211|223332|23|33|22|

Solution 109 has 115 steps.
|22|3333|2211222243300|0000|33330000|3333|332240011|0000|1111110000|11|1100|11411|2211|11221142211|223332|32|33|22|

Solution 110 has 112 steps.
|22|3333|2211222243300|0000|33330000|3333|332240011|0000|1111110000|11|1100|3300|00|11221142211|223332|23|33|22|

Solution 111 has 112 steps.
|22|3333|2211222243300|0000|33330000|3333|332240011|0000|1111110000|11|1100|3300|00|11221142211|223332|32|33|22|

Solution 112 has 78 steps.
|22|3333|2211222243300|0000|33330000|3333|332240011|0000|3333|223332|23|33|22|

Solution 113 has 78 steps.
|22|3333|2211222243300|0000|33330000|3333|332240011|0000|3333|223332|32|33|22|

Solution 114 has 117 steps.
|22|3333|2211222243300|0000|33330000|3333|332240011|11110011111100003300|1100|11411|2211|11221142211|223332|23|33|22|

Solution 115 has 117 steps.
|22|3333|2211222243300|0000|33330000|3333|332240011|11110011111100003300|1100|11411|2211|11221142211|223332|32|33|22|

Solution 116 has 131 steps.
|22|3333|2211222243300|0000|33330000|3333|332240011|11110011111100003300|1100|11411|2211|22|332222|2222333333|3333|223332|23|33|22|

Solution 117 has 131 steps.
|22|3333|2211222243300|0000|33330000|3333|332240011|11110011111100003300|1100|11411|2211|22|332222|2222333333|3333|223332|32|33|22|

Solution 118 has 114 steps.
|22|3333|2211222243300|0000|33330000|3333|332240011|11110011111100003300|1100|3300|00|11221142211|223332|23|33|22|

Solution 119 has 114 steps.
|22|3333|2211222243300|0000|33330000|3333|332240011|11110011111100003300|1100|3300|00|11221142211|223332|32|33|22|

Solution 120 has 122 steps.
|22|3333|2211222243300|0000|33330000|3333|332240011|11110011111100003300|1100|3300|332222|2222333333|3333|223332|23|33|22|

Solution 121 has 122 steps.
|22|3333|2211222243300|0000|33330000|3333|332240011|11110011111100003300|1100|3300|332222|2222333333|3333|223332|32|33|22|

Solution 122 has 108 steps.
|22|3333|2211222243300|0000|33330000|3333|332240011|11110011111100003300|33|2222333333|3333|223332|23|33|22|

Solution 123 has 108 steps.
|22|3333|2211222243300|0000|33330000|3333|332240011|11110011111100003300|33|2222333333|3333|223332|32|33|22|

Solution 124 has 114 steps.
|22|3333|2211222243300|0000|33330000|3333|332240011|11110011111100003300|33|000011|00|11221142211|223332|23|33|22|

Solution 125 has 114 steps.
|22|3333|2211222243300|0000|33330000|3333|332240011|11110011111100003300|33|000011|00|11221142211|223332|32|33|22|

Solution 126 has 127 steps.
|22|3333|2211222243300|0000|33330000|3333|332240011|11110011111100003300|33|000011|2211|11411|2211|11221142211|223332|23|33|22|

Solution 127 has 127 steps.
|22|3333|2211222243300|0000|33330000|3333|332240011|11110011111100003300|33|000011|2211|11411|2211|11221142211|223332|32|33|22|

Solution 128 has 106 steps.
|22|3333|2211222243300|0000|00003333|3333|332240011|0000|1111110000|000011|00|11221142211|223332|23|33|22|

Solution 129 has 106 steps.
|22|3333|2211222243300|0000|00003333|3333|332240011|0000|1111110000|000011|00|11221142211|223332|32|33|22|

Solution 130 has 119 steps.
|22|3333|2211222243300|0000|00003333|3333|332240011|0000|1111110000|000011|2211|11411|2211|11221142211|223332|23|33|22|

Solution 131 has 119 steps.
|22|3333|2211222243300|0000|00003333|3333|332240011|0000|1111110000|000011|2211|11411|2211|11221142211|223332|32|33|22|

Solution 132 has 115 steps.
|22|3333|2211222243300|0000|00003333|3333|332240011|0000|1111110000|11|1100|11411|2211|11221142211|223332|23|33|22|

Solution 133 has 115 steps.
|22|3333|2211222243300|0000|00003333|3333|332240011|0000|1111110000|11|1100|11411|2211|11221142211|223332|32|33|22|

Solution 134 has 112 steps.
|22|3333|2211222243300|0000|00003333|3333|332240011|0000|1111110000|11|1100|3300|00|11221142211|223332|23|33|22|

Solution 135 has 112 steps.
|22|3333|2211222243300|0000|00003333|3333|332240011|0000|1111110000|11|1100|3300|00|11221142211|223332|32|33|22|

Solution 136 has 78 steps.
|22|3333|2211222243300|0000|00003333|3333|332240011|0000|3333|223332|23|33|22|

Solution 137 has 78 steps.
|22|3333|2211222243300|0000|00003333|3333|332240011|0000|3333|223332|32|33|22|

Solution 138 has 117 steps.
|22|3333|2211222243300|0000|00003333|3333|332240011|11110011111100003300|1100|11411|2211|11221142211|223332|23|33|22|

Solution 139 has 117 steps.
|22|3333|2211222243300|0000|00003333|3333|332240011|11110011111100003300|1100|11411|2211|11221142211|223332|32|33|22|

Solution 140 has 131 steps.
|22|3333|2211222243300|0000|00003333|3333|332240011|11110011111100003300|1100|11411|2211|22|332222|2222333333|3333|223332|23|33|22|

Solution 141 has 131 steps.
|22|3333|2211222243300|0000|00003333|3333|332240011|11110011111100003300|1100|11411|2211|22|332222|2222333333|3333|223332|32|33|22|

Solution 142 has 114 steps.
|22|3333|2211222243300|0000|00003333|3333|332240011|11110011111100003300|1100|3300|00|11221142211|223332|23|33|22|

Solution 143 has 114 steps.
|22|3333|2211222243300|0000|00003333|3333|332240011|11110011111100003300|1100|3300|00|11221142211|223332|32|33|22|

Solution 144 has 122 steps.
|22|3333|2211222243300|0000|00003333|3333|332240011|11110011111100003300|1100|3300|332222|2222333333|3333|223332|23|33|22|

Solution 145 has 122 steps.
|22|3333|2211222243300|0000|00003333|3333|332240011|11110011111100003300|1100|3300|332222|2222333333|3333|223332|32|33|22|

Solution 146 has 108 steps.
|22|3333|2211222243300|0000|00003333|3333|332240011|11110011111100003300|33|2222333333|3333|223332|23|33|22|

Solution 147 has 108 steps.
|22|3333|2211222243300|0000|00003333|3333|332240011|11110011111100003300|33|2222333333|3333|223332|32|33|22|

Solution 148 has 114 steps.
|22|3333|2211222243300|0000|00003333|3333|332240011|11110011111100003300|33|000011|00|11221142211|223332|23|33|22|

Solution 149 has 114 steps.
|22|3333|2211222243300|0000|00003333|3333|332240011|11110011111100003300|33|000011|00|11221142211|223332|32|33|22|

Solution 150 has 127 steps.
|22|3333|2211222243300|0000|00003333|3333|332240011|11110011111100003300|33|000011|2211|11411|2211|11221142211|223332|23|33|22|

Solution 151 has 127 steps.
|22|3333|2211222243300|0000|00003333|3333|332240011|11110011111100003300|33|000011|2211|11411|2211|11221142211|223332|32|33|22|

Solution 152 has 63 steps.
|22|3333|2211222243300|333322|2211|11221142211|223332|23|33|22|

Solution 153 has 63 steps.
|22|3333|2211222243300|333322|2211|11221142211|223332|32|33|22|

Solution 154 has 83 steps.
|22|3333|2211222243300|333322|2211|22|2211|2233|33|2222333333|3333|223332|23|33|22|

Solution 155 has 83 steps.
|22|3333|2211222243300|333322|2211|22|2211|2233|33|2222333333|3333|223332|32|33|22|

Solution 156 has 95 steps.
|22|3333|2211222243300|333322|2211|22|2211|2233|22112222333333223333|0000|3333|223332|23|33|22|

Solution 157 has 95 steps.
|22|3333|2211222243300|333322|2211|22|2211|2233|22112222333333223333|0000|3333|223332|32|33|22|

Solution 158 has 77 steps.
|22|3333|2211222243300|333322|2211|22|332222|2222333333|3333|223332|23|33|22|

Solution 159 has 77 steps.
|22|3333|2211222243300|333322|2211|22|332222|2222333333|3333|223332|32|33|22|

Solution 160 has 95 steps.
|22|3333|2211222243300|333322|2211|22|332222|11|22112222333333223333|0000|3333|223332|23|33|22|

Solution 161 has 95 steps.
|22|3333|2211222243300|333322|2211|22|332222|11|22112222333333223333|0000|3333|223332|32|33|22|

Solution 162 has 76 steps.
|22|3333|2211222243300|333322|33433|2233|33|2222333333|3333|223332|23|33|22|

Solution 163 has 76 steps.
|22|3333|2211222243300|333322|33433|2233|33|2222333333|3333|223332|32|33|22|

Solution 164 has 82 steps.
|22|3333|2211222243300|333322|33433|2233|33|000011|00|11221142211|223332|23|33|22|

Solution 165 has 82 steps.
|22|3333|2211222243300|333322|33433|2233|33|000011|00|11221142211|223332|32|33|22|

Solution 166 has 116 steps.
|22|3333|2211222243300|333322|33433|2233|22112222333333223333|0000|1111110000|000011|00|11221142211|223332|23|33|22|

Solution 167 has 116 steps.
|22|3333|2211222243300|333322|33433|2233|22112222333333223333|0000|1111110000|000011|00|11221142211|223332|32|33|22|

Solution 168 has 88 steps.
|22|3333|2211222243300|333322|33433|2233|22112222333333223333|0000|3333|223332|23|33|22|

Solution 169 has 88 steps.
|22|3333|2211222243300|333322|33433|2233|22112222333333223333|0000|3333|223332|32|33|22|

Solution 170 has 72 steps.
|22|3333|2211222243300|333322|33433|3300|00|11221142211|223332|23|33|22|

Solution 171 has 72 steps.
|22|3333|2211222243300|333322|33433|3300|00|11221142211|223332|32|33|22|

Solution 172 has 80 steps.
|22|3333|2211222243300|333322|33433|3300|332222|2222333333|3333|223332|23|33|22|

Solution 173 has 80 steps.
|22|3333|2211222243300|333322|33433|3300|332222|2222333333|3333|223332|32|33|22|

Solution 174 has 98 steps.
|22|3333|2211222243300|333322|33433|3300|332222|11|22112222333333223333|0000|3333|223332|23|33|22|

Solution 175 has 98 steps.
|22|3333|2211222243300|333322|33433|3300|332222|11|22112222333333223333|0000|3333|223332|32|33|22|

Solution 176 has 68 steps.
|22|3333|3333221122333333332222|22332233433|22223322112222221111|22|

Solution 177 has 73 steps.
|22|3333|3333221122333333332222|1122222233221122|22223322112222221111|22|

