119
22221111223322400110000111111000000001100330000111122114000033003333221122333333332222223322334332222332211222222111122
124
2222111122332240011000011111100000000110033000011112211400003300333322112233333333222211222222332211222222332211222222111122
64
2222111122332240011000011111100000000110011221142211223332233322
64
2222111122332240011000011111100000000110011221142211223332323322
122
22221111223322400110000111111000000001122111141100111122114000033003333221122333333332222223322334332222332211222222111122
127
2222111122332240011000011111100000000112211114110011112211400003300333322112233333333222211222222332211222222332211222222111122
75
222211112233224001100001111110000000011221111411221111221142211223332233322
75
222211112233224001100001111110000000011221111411221111221142211223332323322
118
2222111122332240011000011111100001111001141100111122114000033003333221122333333332222223322334332222332211222222111122
123
222211112233224001100001111110000111100114110011112211400003300333322112233333333222211222222332211222222332211222222111122
71
22221111223322400110000111111000011110011411221111221142211223332233322
71
22221111223322400110000111111000011110011411221111221142211223332323322
123
222211112233224001100001111110000111100330000330000111122114000033003333221122333333332222223322334332222332211222222111122
128
22221111223322400110000111111000011110033000033000011112211400003300333322112233333333222211222222332211222222332211222222111122
68
22221111223322400110000111111000011110033000011221142211223332233322
68
22221111223322400110000111111000011110033000011221142211223332323322
116
22221111223322400110000333333004330033330000111122114000033003333221122333333332222223322334332222332211222222111122
121
2222111122332240011000033333300433003333000011112211400003300333322112233333333222211222222332211222222332211222222111122
123
222211112233224001100003333330043300332222111141100111122114000033003333221122333333332222223322334332222332211222222111122
128
22221111223322400110000333333004330033222211114110011112211400003300333322112233333333222211222222332211222222332211222222111122
131
22221111223322400110000333333004330033223322221111001141100111122114000033003333221122333333332222223322334332222332211222222111122
136
2222111122332240011000033333300433003322332222111100114110011112211400003300333322112233333333222211222222332211222222332211222222111122
39
222211112233224001100003333223332233322
39
222211112233224001100003333223332323322
122
22221111223322400111111001111110000330011001141100111122114000033003333221122333333332222223322334332222332211222222111122
127
2222111122332240011111100111111000033001100114110011112211400003300333322112233333333222211222222332211222222332211222222111122
75
222211112233224001111110011111100003300110011411221111221142211223332233322
75
222211112233224001111110011111100003300110011411221111221142211223332323322
86
22221111223322400111111001111110000330011001141122112233222222223333333333223332233322
86
22221111223322400111111001111110000330011001141122112233222222223333333333223332323322
127
2222111122332240011111100111111000033001100330000330000111122114000033003333221122333333332222223322334332222332211222222111122
132
222211112233224001111110011111100003300110033000033000011112211400003300333322112233333333222211222222332211222222332211222222111122
72
222211112233224001111110011111100003300110033000011221142211223332233322
72
222211112233224001111110011111100003300110033000011221142211223332323322
156
222211112233224001111110011111100003300110033003322222222333333333333004330033330000111122114000033003333221122333333332222223322334332222332211222222111122
161
22221111223322400111111001111110000330011003300332222222233333333333300433003333000011112211400003300333322112233333333222211222222332211222222332211222222111122
79
2222111122332240011111100111111000033001100330033222222223333333333223332233322
79
2222111122332240011111100111111000033001100330033222222223333333333223332323322
144
222211112233224001111110011111100003300332222333333333333004330033330000111122114000033003333221122333333332222223322334332222332211222222111122
149
22221111223322400111111001111110000330033222233333333333300433003333000011112211400003300333322112233333333222211222222332211222222332211222222111122
151
2222111122332240011111100111111000033003322223333333333330043300332222111141100111122114000033003333221122333333332222223322334332222332211222222111122
156
222211112233224001111110011111100003300332222333333333333004330033222211114110011112211400003300333322112233333333222211222222332211222222332211222222111122
67
2222111122332240011111100111111000033003322223333333333223332233322
67
2222111122332240011111100111111000033003322223333333333223332323322
127
2222111122332240011111100111111000033003300001100330000111122114000033003333221122333333332222223322334332222332211222222111122
132
222211112233224001111110011111100003300330000110033000011112211400003300333322112233333333222211222222332211222222332211222222111122
72
222211112233224001111110011111100003300330000110011221142211223332233322
72
222211112233224001111110011111100003300330000110011221142211223332323322
130
2222111122332240011111100111111000033003300001122111141100111122114000033003333221122333333332222223322334332222332211222222111122
135
222211112233224001111110011111100003300330000112211114110011112211400003300333322112233333333222211222222332211222222332211222222111122
83
22221111223322400111111001111110000330033000011221111411221111221142211223332233322
83
22221111223322400111111001111110000330033000011221111411221111221142211223332323322
94
2222111122111122221111222222114000033003333221122333333332222223322334332222332211222222111122
99
222211112211112222111122222211400003300333322112233333333222211222222332211222222332211222222111122
59
22221111221111222211112222333322221111221142211223332233322
59
22221111221111222211112222333322221111221142211223332323322
74
22221111221111222211112222333322221122221122333322223333333333223332233322
74
22221111221111222211112222333322221122221122333322223333333333223332323322
86
22221111221111222211112222333322221122221122332211222233333322333300003333223332233322
86
22221111221111222211112222333322221122221122332211222233333322333300003333223332323322
70
2222111122111122221111222233332222112233222222223333333333223332233322
70
2222111122111122221111222233332222112233222222223333333333223332323322
86
22221111221111222211112222333322221122332222112211222233333322333300003333223332233322
86
22221111221111222211112222333322221122332222112211222233333322333300003333223332323322
69
222211112211112222111122223333223343322333322223333333333223332233322
69
222211112211112222111122223333223343322333322223333333333223332323322
74
22221111221111222211112222333322334332233330000110011221142211223332233322
74
22221111221111222211112222333322334332233330000110011221142211223332323322
106
2222111122111122221111222233332233433223322112222333333223333000011111100000000110011221142211223332233322
106
2222111122111122221111222233332233433223322112222333333223333000011111100000000110011221142211223332323322
81
222211112211112222111122223333223343322332211222233333322333300003333223332233322
81
222211112211112222111122223333223343322332211222233333322333300003333223332323322
66
222211112211112222111122223333223343333000011221142211223332233322
66
222211112211112222111122223333223343333000011221142211223332323322
73
2222111122111122221111222233332233433330033222222223333333333223332233322
73
2222111122111122221111222233332233433330033222222223333333333223332323322
89
22221111221111222211112222333322334333300332222112211222233333322333300003333223332233322
89
22221111221111222211112222333322334333300332222112211222233333322333300003333223332323322
94
2222111122111111112222222222114000033003333221122333333332222223322334332222332211222222111122
99
222211112211111111222222222211400003300333322112233333333222211222222332211222222332211222222111122
59
22221111221111111122222222333322221111221142211223332233322
59
22221111221111111122222222333322221111221142211223332323322
74
22221111221111111122222222333322221122221122333322223333333333223332233322
74
22221111221111111122222222333322221122221122333322223333333333223332323322
86
22221111221111111122222222333322221122221122332211222233333322333300003333223332233322
86
22221111221111111122222222333322221122221122332211222233333322333300003333223332323322
70
2222111122111111112222222233332222112233222222223333333333223332233322
70
2222111122111111112222222233332222112233222222223333333333223332323322
86
22221111221111111122222222333322221122332222112211222233333322333300003333223332233322
86
22221111221111111122222222333322221122332222112211222233333322333300003333223332323322
69
222211112211111111222222223333223343322333322223333333333223332233322
69
222211112211111111222222223333223343322333322223333333333223332323322
74
22221111221111111122222222333322334332233330000110011221142211223332233322
74
22221111221111111122222222333322334332233330000110011221142211223332323322
106
2222111122111111112222222233332233433223322112222333333223333000011111100000000110011221142211223332233322
106
2222111122111111112222222233332233433223322112222333333223333000011111100000000110011221142211223332323322
81
222211112211111111222222223333223343322332211222233333322333300003333223332233322
81
222211112211111111222222223333223343322332211222233333322333300003333223332323322
66
222211112211111111222222223333223343333000011221142211223332233322
66
222211112211111111222222223333223343333000011221142211223332323322
73
2222111122111111112222222233332233433330033222222223333333333223332233322
73
2222111122111111112222222233332233433330033222222223333333333223332323322
89
22221111221111111122222222333322334333300332222112211222233333322333300003333223332233322
89
22221111221111111122222222333322334333300332222112211222233333322333300003333223332323322
89
22333322112222433000000333300003333332240011000011111100000000110011221142211223332233322
89
22333322112222433000000333300003333332240011000011111100000000110011221142211223332323322
100
2233332211222243300000033330000333333224001100001111110000000011221111411221111221142211223332233322
100
2233332211222243300000033330000333333224001100001111110000000011221111411221111221142211223332323322
96
223333221122224330000003333000033333322400110000111111000011110011411221111221142211223332233322
96
223333221122224330000003333000033333322400110000111111000011110011411221111221142211223332323322
93
223333221122224330000003333000033333322400110000111111000011110033000011221142211223332233322
93
223333221122224330000003333000033333322400110000111111000011110033000011221142211223332323322
64
2233332211222243300000033330000333333224001100003333223332233322
64
2233332211222243300000033330000333333224001100003333223332323322
100
2233332211222243300000033330000333333224001111110011111100003300110011411221111221142211223332233322
100
2233332211222243300000033330000333333224001111110011111100003300110011411221111221142211223332323322
111
223333221122224330000003333000033333322400111111001111110000330011001141122112233222222223333333333223332233322
111
223333221122224330000003333000033333322400111111001111110000330011001141122112233222222223333333333223332323322
97
2233332211222243300000033330000333333224001111110011111100003300110033000011221142211223332233322
97
2233332211222243300000033330000333333224001111110011111100003300110033000011221142211223332323322
104
22333322112222433000000333300003333332240011111100111111000033001100330033222222223333333333223332233322
104
22333322112222433000000333300003333332240011111100111111000033001100330033222222223333333333223332323322
92
22333322112222433000000333300003333332240011111100111111000033003322223333333333223332233322
92
22333322112222433000000333300003333332240011111100111111000033003322223333333333223332323322
97
2233332211222243300000033330000333333224001111110011111100003300330000110011221142211223332233322
97
2233332211222243300000033330000333333224001111110011111100003300330000110011221142211223332323322
108
223333221122224330000003333000033333322400111111001111110000330033000011221111411221111221142211223332233322
108
223333221122224330000003333000033333322400111111001111110000330033000011221111411221111221142211223332323322
89
22333322112222433000000000033333333332240011000011111100000000110011221142211223332233322
89
22333322112222433000000000033333333332240011000011111100000000110011221142211223332323322
100
2233332211222243300000000003333333333224001100001111110000000011221111411221111221142211223332233322
100
2233332211222243300000000003333333333224001100001111110000000011221111411221111221142211223332323322
96
223333221122224330000000000333333333322400110000111111000011110011411221111221142211223332233322
96
223333221122224330000000000333333333322400110000111111000011110011411221111221142211223332323322
93
223333221122224330000000000333333333322400110000111111000011110033000011221142211223332233322
93
223333221122224330000000000333333333322400110000111111000011110033000011221142211223332323322
64
2233332211222243300000000003333333333224001100003333223332233322
64
2233332211222243300000000003333333333224001100003333223332323322
100
2233332211222243300000000003333333333224001111110011111100003300110011411221111221142211223332233322
100
2233332211222243300000000003333333333224001111110011111100003300110011411221111221142211223332323322
111
223333221122224330000000000333333333322400111111001111110000330011001141122112233222222223333333333223332233322
111
223333221122224330000000000333333333322400111111001111110000330011001141122112233222222223333333333223332323322
97
2233332211222243300000000003333333333224001111110011111100003300110033000011221142211223332233322
97
2233332211222243300000000003333333333224001111110011111100003300110033000011221142211223332323322
104
22333322112222433000000000033333333332240011111100111111000033001100330033222222223333333333223332233322
104
22333322112222433000000000033333333332240011111100111111000033001100330033222222223333333333223332323322
92
22333322112222433000000000033333333332240011111100111111000033003322223333333333223332233322
92
22333322112222433000000000033333333332240011111100111111000033003322223333333333223332323322
97
2233332211222243300000000003333333333224001111110011111100003300330000110011221142211223332233322
97
2233332211222243300000000003333333333224001111110011111100003300330000110011221142211223332323322
108
223333221122224330000000000333333333322400111111001111110000330033000011221111411221111221142211223332233322
108
223333221122224330000000000333333333322400111111001111110000330033000011221111411221111221142211223332323322
52
2233332211222243300333322221111221142211223332233322
52
2233332211222243300333322221111221142211223332323322
67
2233332211222243300333322221122221122333322223333333333223332233322
67
2233332211222243300333322221122221122333322223333333333223332323322
79
2233332211222243300333322221122221122332211222233333322333300003333223332233322
79
2233332211222243300333322221122221122332211222233333322333300003333223332323322
63
223333221122224330033332222112233222222223333333333223332233322
63
223333221122224330033332222112233222222223333333333223332323322
79
2233332211222243300333322221122332222112211222233333322333300003333223332233322
79
2233332211222243300333322221122332222112211222233333322333300003333223332323322
62
22333322112222433003333223343322333322223333333333223332233322
62
22333322112222433003333223343322333322223333333333223332323322
67
2233332211222243300333322334332233330000110011221142211223332233322
67
2233332211222243300333322334332233330000110011221142211223332323322
99
223333221122224330033332233433223322112222333333223333000011111100000000110011221142211223332233322
99
223333221122224330033332233433223322112222333333223333000011111100000000110011221142211223332323322
74
22333322112222433003333223343322332211222233333322333300003333223332233322
74
22333322112222433003333223343322332211222233333322333300003333223332323322
59
22333322112222433003333223343333000011221142211223332233322
59
22333322112222433003333223343333000011221142211223332323322
66
223333221122224330033332233433330033222222223333333333223332233322
66
223333221122224330033332233433330033222222223333333333223332323322
82
2233332211222243300333322334333300332222112211222233333322333300003333223332233322
82
2233332211222243300333322334333300332222112211222233333322333300003333223332323322
61
2233333333221122333333332222223322334332222332211222222111122
66
223333333322112233333333222211222222332211222222332211222222111122
